-0.23665296
0.056471042
0.09317888
-0.06272454
-0.065197
0.33385062
-0.28249097
-0.3430113
-0.10348227
0.014393149
-0.06772771
0.098684944
0.20059489
0.24014895
-0.3150476
0.33031982
-0.0013172575
0.20489438
-0.20289758
0.1386217
0.30256855
0.047167044
-0.14509672
0.025716446
0.091261454
0.14947477
0.21825188
-0.28006417
-0.03131536
0.21687254
-0.041009303
0.26201084
0.08545172
0.32718855
-0.101356134
-0.24665292
-0.06314289
0.1522787
-0.29599693
0.31080708
0.11315936
0.018627768
-0.018058533
-0.29842147
0.3071833
0.32965082
0.1244843
0.11777418
0.1598401
-0.11747941
-0.21825117
0.2136868
0.12791337
-0.2429206
0.28043813
-0.08428771
0.14619309
-0.30493337
-0.15031467
0.2557781
-0.015277431
-0.34970918
-0.15386389
0.14034492
0.17376542
-0.10660986
0.26689553
0.29059982
-0.29300788
0.33492348
-0.33583033
0.1843141
0.33669588
-0.007840704
0.1312264
-0.0971264
0.27815795
0.1475999
0.063970946
0.110799134
0.2158247
-0.23061377
0.23396908
0.13955471
-0.25599933
-0.21798459
-0.058909323
-0.28247893
-0.070157096
-0.055586886
-0.014932291
0.22339343
-0.19360302
0.31392992
-0.24260873
0.16917887
-0.22374927
-0.34100163
-0.17584744
0.19443682
0.08569702
-0.20048825
-0.055988252
0.009983829
-0.055156905
0.10780869
-0.24552651
0.27991176
0.15132421
0.1331794
-0.018213844
0.11424084
0.32411167
0.17830084
-0.21078953
0.26102293
0.3029235
0.1265871
0.12672263
0.35297552
0.09409718
-0.264185
-0.05608422
0.32897654
-0.07448663
0.01118531
0.12973866
-0.008148503
-0.091460384
0.019683504
0.16482979
0.2949601
0.34641692
0.14633672
0.01798267
0.17904142
0.20891704
0.052074876
0.13258784
0.16395856
-0.3096429
0.23269185
-0.22845888
0.27764294
0.09539437
0.21670759
-0.3493712
-0.34533328
-0.06703924
-0.17700554
0.057072945
-0.25478002
-0.12415488
-0.22556876
0.013809499
0.22168656
0.34216142
0.34997156
0.27841294
0.19739607
-0.24667235
0.06200467
0.2832148
-0.083889045
0.08532208
-0.052594967
0.14377339
0.11391235
-0.14289312
-0.21514647
0.26810083
0.22013952
-0.08381271
0.067150466
-0.09244713
-0.16193093
-0.02732043
0.047290068
-0.2808138
0.07630017
-0.105464816
0.24770099
0.07942738
-0.26527306
0.33453178
0.3490341
-0.26735753
-0.3050055
-0.25238022
0.32057494
0.329521
-0.011075686
-0.063762404
-0.2468275
-0.008980397
0.33346304
0.063075624
-0.14545876
-0.34699365
0.30486172
0.00082974497
-0.21785764
-0.21768695
-0.3433987
0.15370795
-0.06595733
-0.09459371
-0.31142816
-0.25795418
0.31395122
0.2676854
0.04602461
-0.3472348
0.1154446
0.30427918
0.33361405
0.23114567
-0.25275308
-0.058647677
0.23803502
0.062006485
-0.3393455
-0.16238451
-0.13945726
0.29760796
0.28810194
-0.21143606
-0.18059368
0.35295784
-0.23758106
0.20240952
-0.19924074
0.28225058
-0.32759187
-0.06563541
-0.0858471
-0.019270761
0.13021614
-0.19566666
0.17667587
0.27111802
0.33083093
-0.072943084
-0.011730058
0.25949574
-0.16564955
0.055062875
-0.14331825
-0.07827032
0.08018876
-0.27556005
0.17231077
0.026554411
-0.096610524
0.12057935
0.29992506
0.18119621
0.040479857
0.3361963
-0.27095872
0.34714484
0.21919918
0.19163068
0.118948944
-0.28188226
-0.040305663
-0.18861908
-0.30657542
0.2969115
0.34716952
-0.29945895
0.055943787
-0.35166317
0.16859135
-0.11900769
-0.053840913
0.3382946
0.27599782
-0.17888138
0.1784388
0.123962305
0.15751149
0.21671332
-0.24663652
0.18461145
-0.0070577427
0.2191339
0.14720823
-0.1181307
-0.21261774
0.21029608
-0.2838656
-0.117724195
-0.26053092
-0.25012052
-0.19172166
0.18701117
0.2781427
0.34563836
0.31883088
0.19969037
0.06679416
0.18714742
0.12742995
0.2961913
-0.12954992
-0.32917026
-0.13651702
-0.050484505
-0.31950295
0.20435312
0.0857771
-0.04698931
0.061324842
0.16837287
0.15968429
0.31980333
-0.21425202
-0.28297347
0.29112506
0.07164863
0.011083062
-0.040993962
-0.2939802
0.051308308
0.26873764
-0.25576976
0.0013023798
0.1652521
-0.2843081
0.028581042
0.10089576
-0.015884388
0.2689851
0.071724154
-0.20924291
0.06371094
-0.3159779
-0.33889905
-0.23264782
-0.12728007
0.2770457
0.18602616
-0.24600327
-0.11926302
0.20489635
-0.03461474
-0.22449397
-0.25648633
-0.14918205
-0.3270971
0.0825041
-0.0052409186
-0.0044173268
0.21527235
-0.34011078
-0.28595722
0.02197132
-0.21931079
0.26603284
0.08065988
-0.1448521
-0.27064678
0.00018232726
-0.2971583
0.22577827
0.3503943
0.17975187
0.33739668
0.042010166
-0.05288523
-0.14992991
0.19014074
0.15010296
0.17564118
0.29263303
0.30191976
-0.18084833
-0.18039075
-0.2950958
0.10233474
-0.33738273
0.32951075
0.023809176
0.21637344
-0.26767534
-0.11370402
0.19985087
0.12846044
-0.14790568
0.30068797
0.13114198
0.071672946
0.038804855
0.08875089
0.35142705
0.15993229
-0.2887496
0.35275465
-0.117714375
0.21247579
-0.15193875
0.024644399
0.04401387
-0.20971508
0.008430634
0.25054273
0.2727974
-0.21318887
0.31740853
-0.30233726
-0.19310114
-0.26945698
0.020364977
-0.013607574
0.022942172
-0.08111397
-0.17603128
0.2976812
0.10873891
0.19959427
-0.24471855
-0.20401882
-0.25574493
-0.008080731
0.18482417
0.12046757
0.34119403
-0.17978603
-0.07832161
-0.26505256
-0.14038964
0.3343886
-0.17834523
0.11072318
0.28996947
-0.17858037
-0.25269645
0.2989633
0.1740052
0.27910444
-0.013338972
-0.19509861
-0.10209665
-0.3329139
-0.10938409
0.19655713
-0.13923338
-0.30811635
0.109057285
0.25701007
-0.100454316
0.15342237
-0.11921038
0.2525707
0.0129726315
-0.14670458
-0.27033392
-0.03299091
-0.18175833
-0.30081555
-0.33210385
0.3365947
0.032638855
-0.32630873
0.23660474
-0.089804016
0.3092469
-0.102980174
0.15401879
-0.08472587
-0.09575111
-0.14817703
-0.048783164
0.13652253
0.023535222
0.013623927
0.29174933
-0.30446345
0.18817134
-0.28021172
0.020961946
-0.22284113
-0.058453675
0.3005039
-0.16651107
0.3094603
-0.062153537
-0.054917596
-0.06250129
0.31825906
-0.12683916
-0.17967843
-0.09974524
0.32572934
0.09197074
-0.19206083
-0.34422508
0.14358483
0.20805863
0.14674786
-0.14230867
0.17464305
-0.077571906
0.13299906
0.28199488
-0.07919637
-0.15321028
-0.3417008
-0.24680857
0.2444773
0.32161885
0.0
0.0
0.0
0.0
0.0
0.0
0.0
0.0
0.0
0.0
0.0
0.0
0.0
0.0
0.0
0.0
0.0
0.0
0.0
0.0
0.0
0.0
0.0
0.0
0.0
0.0
0.0
0.0
0.0
0.0
0.0
0.0
0.090894915
0.0018079301
0.26177353
0.010940839
-0.16592401
0.15292113
0.15593119
0.032170657
-0.13087417
-0.25508982
0.12032546
0.015796538
0.20721687
0.2085991
0.10155722
0.014664995
0.2676221
0.28274217
-0.045694727
-0.010515063
-0.2880883
0.25524488
-0.09296707
0.018663049
-0.285018
0.25391442
0.14507602
-0.10192163
-0.009026911
-0.093083434
0.13061371
0.017571436
0.23622008
0.08357406
0.24003798
-0.16206747
0.05963997
0.19361182
-0.07326307
-0.25446242
-0.2677026
0.080440626
-0.026268385
0.20506796
-0.21124479
0.23250183
-0.16615815
0.15475734
0.13272539
-0.27439824
-0.13969815
0.30036667
-0.086290665
0.2789165
0.16615939
0.20603544
0.07862404
0.2986409
-0.066061646
-0.1916489
0.26967537
-0.22202156
-0.15979773
-0.21433432
0.038675036
0.042929724
-0.029627612
-0.16722257
0.025718873
0.12767705
-0.11292295
0.30136836
-0.042187344
-0.15969864
-0.26081157
-0.20357087
0.09245909
-0.2634984
-0.23352745
0.19257857
0.07114127
0.14636232
-0.29282892
0.046416957
0.032425135
-0.28781605
0.11730558
0.05460462
0.26443145
-0.28495777
0.24919026
-0.2571903
0.23609178
-0.0005438171
0.13488665
-0.28010315
0.1606372
-0.23474182
0.008619606
0.13572079
0.25526017
0.15858008
0.066255316
-0.1152946
-0.19933714
-0.18497662
0.0028728612
-0.281741
-0.015471103
-0.12011865
0.11864791
-0.2959846
-0.10691213
0.13617551
0.16679743
0.28303787
-0.056202598
-0.17101718
0.047757026
0.027410842
0.032527775
0.2865127
0.090596855
-0.08525708
-0.14880331
-0.2420049
0.0038419426
-0.23460753
0.12530734
0.25862128
0.026232908
-0.21389365
-0.094262056
0.030000936
0.28808403
-0.22591946
0.21238999
-0.06450195
0.21321398
0.29570282
0.18609868
-0.2112917
0.24038334
-0.20919359
0.019775685
0.14103234
0.21334903
0.13699359
0.28109702
0.0047413087
-0.05031887
0.14249593
-0.26428884
0.21232998
0.09992026
-0.01577066
0.07806321
-0.10270048
0.19394754
-0.11461529
-0.26326197
-0.21610677
0.027222173
-0.120513655
-0.30292547
-0.059203684
-0.0013554365
0.2427956
0.27428395
-0.13947129
-0.07277079
0.2804136
-0.042568736
-0.20208637
-0.25301334
0.29694703
0.30579406
-0.0002583122
-0.04117056
-0.22000507
0.2817681
0.044113137
-0.15668419
-0.037660293
0.16272326
0.0013915353
0.0012503524
-0.20121324
-0.096484855
0.061018586
0.100920655
-0.3022644
0.15888195
-0.19139588
0.11438019
-0.12953892
0.1697497
0.07690776
0.21334341
0.24512888
0.27675408
0.07775869
0.2453148
0.007922012
-0.25128716
-0.30099747
-0.10203628
-0.2682582
0.068825476
-0.20275104
0.116414204
-0.12855823
0.26092687
0.19159201
0.07967649
0.15228942
0.24469756
0.18731844
-0.0616972
0.24274446
-0.20786783
-0.22241244
0.2201108
-0.26162443
-0.27330744
0.29730242
-0.12676644
0.113814436
-0.16723798
0.10515001
0.08474459
-0.21481714
-0.24890329
0.13319632
-0.1892004
-0.121872485
-0.08458953
-0.05434587
0.28822708
0.1096733
0.23231715
-0.16573122
-0.058350567
0.25259668
-0.146384
-0.19073899
0.2567539
-0.2899669
-0.066166505
0.089314856
-0.11196011
-0.13701907
0.10202913
0.17469506
-0.046478022
0.27380478
-0.27735487
-0.108502336
0.2766135
0.19609211
-0.024606382
0.055549536
-0.24103676
-0.26736194
-0.04497348
-0.08784397
-0.12136619
-0.05220571
0.1311771
0.0040422194
-0.09586854
0.19949806
0.09836596
-0.20448786
0.16686772
0.07226785
-0.12004747
0.25428405
0.0851255
-0.06619001
0.1081012
0.14741631
-0.29201937
-0.14117406
0.026430337
-0.06883946
-0.2775162
-0.27332926
-0.057179455
0.16604829
-0.23552147
0.20641746
-0.16782136
-0.13633187
-0.089845784
0.07637691
0.10149002
-0.02867846
0.1672271
0.19858278
-0.11865623
-0.05997625
-0.0253907
0.02449148
0.13789168
-0.022256535
-0.19987117
-0.16124558
0.1515233
-0.13058881
-0.12580769
0.30474013
0.2776813
-0.022188935
0.22305119
0.16619137
0.2500077
0.021562591
-0.1523688
-0.260582
-0.1581116
-0.029489202
0.11461887
0.053170305
0.17230724
-0.1534445
-0.27061725
0.14063916
-0.29310068
0.20747074
-0.27328283
-0.28910813
-0.007437326
0.19934152
-0.08515142
0.06865203
-0.09408124
0.13262229
-0.0067590782
0.21465804
0.23181571
0.0126971565
-0.19374551
0.022415565
-0.022457615
-0.09341262
-0.19065143
-0.012693434
-0.014280172
0.04546127
-0.011716286
0.24065997
-0.28290263
0.08653383
0.26263165
-0.11985461
0.011603938
0.19559473
-0.07182208
-0.2500283
-0.097205296
-0.20754297
0.08448346
-0.21390143
-0.035517327
0.25183755
0.23155725
0.19752413
0.02045167
0.13210738
-0.03829098
0.20402993
0.18749006
0.18884532
-0.21591792
-0.03266582
0.11859235
-0.020213615
-0.2856341
-0.011643103
0.006292824
-0.19953968
0.21786247
-0.09140621
-0.180315
0.17525578
-0.009232554
-0.0027585058
0.2554639
0.24719056
0.079669334
0.06308184
-0.05918029
-0.20728298
0.08168729
0.062301755
-0.2426853
0.18834104
0.119503185
-0.3054637
-0.028255057
-0.16075368
-0.13832606
0.052090846
0.06277133
-0.028211694
0.112909086
-0.12643954
0.011981205
0.2669087
0.009413668
0.20081507
0.25649285
-0.0741132
0.2469691
-0.21894671
0.24069537
-0.055123873
0.2537108
0.13451563
0.29640794
-0.005925632
-0.013803479
0.032449517
-0.25299987
0.10464594
0.0865431
0.11857024
-0.2636127
-0.22480747
-0.25392106
0.019876719
-0.026520565
0.18248779
0.16665679
0.1485871
-0.23895362
0.23651507
0.23060514
-0.2460186
-0.2825974
-0.14921102
-0.13232389
0.23367207
0.053130373
0.19312023
-0.23404963
0.22159578
-0.29262266
-0.11494193
0.28639725
-0.19461232
-0.25141525
-0.06987895
0.14692509
-0.2935699
0.22869807
0.15484363
0.2617299
-0.30550057
-0.28270647
0.2350243
0.031076454
0.30177632
0.20696634
0.1765316
-0.19024289
0.10152995
0.13380902
0.26345202
-0.2556101
-0.15420535
0.27963972
0.24318717
-0.10362697
-0.106790185
0.018094704
0.054552313
0.12029838
-0.17270057
-0.11058504
-0.021763854
0.02919742
-0.027316526
0.22017206
-0.20672873
0.22139503
0.1972168
-0.027556771
0.0159805
-0.26598814
-0.24324101
0.11858761
0.08064119
-0.20294102
0.031617057
-0.027880454
0.027384927
0.24875303
-0.055635057
-0.0806313
-0.16053672
0.032991074
0.0746192
0.11607665
-0.18276508
0.29280406
-5.7451383e-5
-0.17801665
-0.22058389
0.09949871
-0.09354939
-0.111301795
0.26689896
-0.25838083
0.23906703
-0.26868242
-0.24989183
0.015074454
-0.13946834
0.13780259
-0.1966668
0.07101797
0.081491135
0.10142534
0.24798374
0.1380475
-0.16370203
0.10663488
0.20149937
0.21287003
-7.234348e-5
0.16780074
0.013400334
-0.051447384
-0.21616484
0.049437314
0.0058549675
0.02378761
0.08755131
0.18889095
0.23981163
0.20801152
-0.010498638
-0.06611147
-0.14191426
0.26833257
0.2872612
-0.2734484
0.20485505
-0.06260748
0.06056792
-0.30489966
0.25667652
0.12923954
0.2996252
0.21885304
0.17419146
-0.06758137
0.047339026
0.26703286
-0.27289772
-0.11872883
-0.24466923
0.19608766
-0.2719634
-0.07599394
-0.04373981
0.2143613
-0.2998881
-0.30200228
0.11712304
0.20479399
0.22710341
-0.21968773
0.3043068
0.2948781
-0.29748085
0.02036126
0.062018912
0.22846378
0.28292137
0.2963583
0.20124128
-0.006800762
0.13501921
0.2789057
-0.14987175
-0.16185386
-0.12520444
0.20980872
-0.03046011
0.1850686
0.10228766
-0.16760387
0.09874922
0.019467222
-0.02138261
0.05956197
0.21519926
-0.14344738
0.13265812
-0.13468812
0.018479927
0.18698874
0.19243637
0.13146558
-0.07464318
0.015725728
0.10494367
-0.025081178
0.045910735
0.041421022
0.025736103
-0.15198559
0.26815125
0.011996133
-0.27655482
-0.24422845
-0.2400647
-0.015844317
-0.08025217
-0.16207042
0.08612243
-0.30064437
0.17927638
-0.04032638
-0.07566621
-0.28120306
0.021724615
0.30279288
0.07667971
-0.014651343
-0.23633195
-0.0318304
-0.037602004
-0.22224458
0.28854004
-0.19497907
0.17521222
-0.047005087
0.08651725
0.0987095
-0.15850516
-0.13398634
0.002542607
0.1189233
0.29560712
-0.15679622
0.1491915
-0.17875333
0.06669788
0.16749133
0.07709884
0.18558168
-0.09501097
0.23987569
0.03856309
0.18625432
-0.266773
0.21168111
-0.29533142
-0.27059785
0.077855855
0.2012054
0.006213838
-0.3053399
0.039108478
0.28431162
-0.298533
0.2253952
-0.09040563
0.17375834
0.06038352
0.02299165
0.24256605
0.2807492
-0.29385382
-0.021918068
0.22098926
0.30264512
0.20165563
0.2740727
0.011891523
-0.16534081
-0.15068632
0.1263496
0.11996309
-0.119833544
0.18540536
-0.23584817
0.005052035
-0.016293745
0.06759925
0.17361042
-0.042174827
0.2988539
-0.20898682
0.12704402
-0.035507947
-0.2529703
-0.23103647
0.13431214
-0.11763047
0.16676621
-0.11702383
0.038681313
0.113785274
-0.21384984
0.121654905
0.24003202
-0.0739899
-0.08932387
0.06834105
0.07602384
0.019887084
-0.11624422
-0.2745483
-0.27435938
-0.041189868
-0.08685802
-0.16216138
0.22459929
0.20753206
0.17850177
-0.11117051
-0.243604
0.18366374
0.08287183
-0.189922
-0.23507525
-0.2945864
-0.050956637
0.05236354
0.17951542
-0.061103452
-0.0643915
-0.07752881
0.18912984
0.2607204
-0.061748154
0.25390333
0.20347914
-0.09703283
0.23642135
0.15744472
-0.1615127
0.013938749
-0.050182212
-0.013038143
0.081632175
-0.05452921
-0.060424764
-0.2819602
0.1127498
-0.25045776
-0.19074987
0.2372776
-0.14377724
0.07022428
0.10859038
0.05819639
0.19634627
0.16659996
0.16150357
0.15804456
-0.23307773
-0.04357264
0.20342052
-0.08154764
0.17891029
0.2270749
-0.010696433
-0.24003597
0.2176938
-0.08475046
-0.050504364
-0.005450289
-0.14455786
-0.07204195
0.27876553
-0.042924978
0.21817634
-0.03795985
0.0010504405
-0.113822505
0.27509347
-0.24011534
-0.1003319
0.05490688
-0.25776237
0.04009931
-0.28474265
-0.1290112
-0.19597769
-0.15539888
-0.23645277
0.09542434
-0.18424541
0.067792304
0.032478172
0.15906376
0.26776338
-0.11121099
0.019465106
0.17651634
0.047587886
-0.13592786
0.09059207
-0.20493186
-0.20226227
0.2826692
-0.044267822
-0.0121250525
0.07229505
0.15781033
-0.025475746
-0.20773888
-0.023339605
0.28093743
-0.06396777
0.18149589
0.19865324
0.03397731
-0.019190952
-0.034828458
0.20742016
-0.25578892
0.15950121
-0.19386837
-0.0005732728
0.015979148
0.09029025
0.10671032
0.20828944
0.26581788
0.045077324
0.17992382
-0.2699355
0.23139347
0.15637934
0.08693865
-0.054362148
0.18202077
-0.04450157
-0.13901055
0.18019973
0.20936228
0.25363502
-0.08014099
0.07278882
-0.29879728
0.18796326
-0.041915603
0.08326585
-0.21565819
-0.22961062
0.061859954
0.28033903
-0.28147468
0.118942976
-0.1025436
0.22660552
-0.05763578
0.24908036
-0.09918204
-0.29492587
0.012078624
-0.045868613
0.14728414
0.15331726
-0.122236244
0.10793272
-0.12073554
0.15944237
0.031125473
-0.076183125
-0.19719048
-0.21839318
-0.03505644
-0.024160314
-0.025770048
0.112108745
-0.25204918
-0.2796727
0.015800772
0.030258263
0.1970059
-0.29158753
0.036099177
0.20554706
-0.075014204
0.063346356
-0.09879922
0.2699388
-0.074693985
-0.13062218
-0.05298127
-0.1855776
0.24529134
0.25560316
-0.27400556
0.2778991
-0.17349668
0.14774725
-0.1793849
0.07058165
-0.27116975
-0.14347023
0.103898704
-0.13240331
-0.29478738
0.0780023
-0.07454769
-0.2295186
-0.2863327
-0.04189498
0.2953203
0.060803857
0.077886775
-0.01904371
0.18540083
-0.09438707
0.053758506
0.11588579
0.20503442
-0.2467269
0.18622442
-0.1407358
0.1201193
0.112632416
0.23630564
-0.17692123
-0.280952
0.0977828
-0.25931722
0.10233752
0.09966701
0.26365638
0.09758132
-0.2828311
-0.23798074
0.17002927
0.22193885
0.14891657
0.06954501
0.061981536
-0.13681759
0.3009354
-0.02540833
0.099735305
-0.1584884
0.19313924
-0.1764904
0.09593282
-0.2698774
0.27035508
-0.13640338
0.114526086
-0.17169817
0.2503315
0.14910546
0.2891625
0.015644515
0.101478234
-0.04325184
0.25977993
0.02893429
0.11853447
-0.03497833
-0.2602042
-0.18356757
-0.13878459
0.10160273
0.26832145
-0.020375274
0.23572755
-0.14093262
-0.2319313
0.15400065
-0.20837255
-0.29665127
0.10206114
0.2041287
-0.024926161
-0.14526035
-0.29972336
-0.023292704
0.045320526
-0.13365301
-0.08195031
-0.12316175
-0.1548217
0.2503286
0.109281436
0.28005487
-0.00086578575
0.10823768
-0.063340224
0.18542394
0.083541244
0.26440647
0.21235242
-0.22380383
0.1229403
0.18038362
-0.13174328
-0.023257663
-0.11155219
-0.26200855
0.28264025
0.20300701
0.09331331
-0.3013239
0.24086466
-0.11266486
0.21948537
-0.1190681
0.06337596
-0.19878438
-0.065549985
0.07743304
0.08077336
-0.15377001
0.0
0.0
0.0
0.0
0.0
0.0
0.0
0.0
0.0
0.0
0.0
0.0
0.0
0.0
0.0
0.0
0.0
0.0
0.0
0.0
0.0
0.0
0.0
0.0
0.0
0.0
0.0
0.0
0.0
0.0
0.0
0.0
0.27186736
-0.2434343
-0.23991284
-0.114089325
0.1530715
-0.33280563
0.22845876
-0.19621499
0.33805925
-0.20742027
0.09733878
-0.07138664
0.2642075
-0.039436005
-0.2030419
-0.17294744
0.32461467
-0.2883085
0.03601676
-0.22015414
-0.08878284
0.22381088
0.23695691
-0.2927568
0.35117227
0.23145185
-0.03382609
-0.23421095
-0.35049486
-0.3015019
-0.15810306
0.0931756
-0.24934678
-0.32808805
-0.037631363
-0.26851037
0.29213464
0.022590837
0.1362968
0.34198788
0.32870966
-0.12950517
-0.06498909
-0.13459924
-0.29898438
0.30871996
-0.1113969
0.17920747
-0.30351526
-0.030537076
-0.011007534
-0.33619794
0.31281403
-0.007876698
-0.04962315
-0.21908505
0.25763497
-0.31077546
-0.33254656
-0.11747224
-0.20158193
-0.059947062
-0.23040485
0.33734214
-0.121520825
-0.17849144
-0.22592531
0.15781052
-0.23497887
0.07846302
0.054358095
0.27625945
-0.2944241
-0.10511217
-0.044199526
-0.2748722
0.2497004
0.07847844
-0.09211013
0.3272952
0.33269018
0.2714676
0.25332358
0.27587935
-0.10474663
0.17462236
0.28957146
-0.041670714
-0.24449728
0.24535935
0.21954031
-0.103968434
-0.27076042
-0.0079330485
0.097214654
-0.2394003
-0.30366156
0.35036
0.016381005
0.020587767
-0.020675179
-0.2073525
0.21448825
0.0014519589
-0.22574328
-0.14269072
-0.23340891
-0.22611193
-0.18812266
0.14136171
-0.34461194
-0.086392865
-0.24412419
-0.16407068
-0.32001907
0.03753885
-0.06352681
0.0972316
0.04557836
-0.005223891
-0.08354032
0.2572934
-0.049953584
0.3015016
-0.25889072
-0.3178811
0.31850478
0.2173234
-0.32876232
0.3438698
-0.0041000876
-0.12991513
0.2269829
-0.21486914
-0.22897889
0.3031061
-0.14201
0.037117675
0.3265291
0.30315116
-0.21535522
-0.16949183
-0.031257365
-0.05892441
0.03003612
0.042492956
0.28584978
0.019543283
-0.184169
0.29561403
0.29290757
-0.11025873
-0.11814697
0.21202764
-0.2976176
0.13888107
-0.19891609
0.24386807
0.14595836
-0.2701275
0.016287228
-0.1992762
-0.30985317
0.062133767
0.30379802
-0.20884079
0.14528415
0.21907265
0.07277981
-0.17591411
0.010838315
-0.09941531
0.18593153
-0.084816866
0.08500484
0.091650136
0.33835799
0.23289156
0.13438599
0.2906407
-0.23199703
0.029691063
-0.23113564
-0.1117986
0.15921052
-0.1337585
-0.2917427
-0.01264966
-0.070945576
-0.07142125
-0.317176
0.15893969
-0.31018558
0.20476371
0.08050355
-0.28765467
-0.18478552
0.23588356
0.16597155
-0.32291645
-0.3287447
-0.13803974
0.26562208
0.15071076
0.30996692
-0.25746986
-0.09061859
0.11909991
0.28482088
0.052381534
-0.30557197
0.28107074
-0.18306601
0.11272234
0.2698212
0.3095141
-0.08859676
-0.08058275
-0.25126302
0.07920075
0.055157326
0.0134433275
0.17625588
-0.090306155
0.33941013
0.31387267
0.090630434
0.21437004
-0.023666719
-0.26646364
0.2595401
-0.1872018
-0.24456741
-0.08769124
0.102090076
-0.24434441
-0.24281411
0.20479208
-0.10636908
-0.10068085
0.32876277
0.09686551
0.1499404
0.23553947
0.15136462
0.027374335
0.3428723
0.18360102
-0.11771387
-0.28600523
0.34181938
0.1093516
0.20498343
-0.044659894
0.32917166
0.055100683
-0.1906961
0.3148993
-0.018974848
0.26348886
0.1035508
-0.33058265
-0.20881344
-0.040831234
-0.18309012
0.10140355
-0.017978117
-0.15070806
-0.31581724
-0.07733045
0.3398557
-0.27217042
0.21273701
-0.22583014
-0.2923623
0.22108647
-0.18888898
-0.2558347
0.24571119
0.20284085
-0.24779695
0.14428104
-0.29591715
0.16453211
0.34764388
-0.030636754
0.31836906
-0.12223041
0.30025622
-0.31087655
-0.27265605
-0.07336249
0.024608659
0.17643434
0.03430825
-0.10186088
-0.22179408
0.25557542
-0.12841526
-0.10302199
0.16064031
-0.19393851
-0.0652802
0.13074432
0.0775467
0.26626995
-0.34955433
-0.31858245
-0.28471553
-0.3138944
0.25388345
0.34908292
-0.28016403
0.35170323
0.18823731
-0.01823968
-0.1970891
0.13780135
-0.20917961
0.29784045
0.20240434
-0.07430494
-0.34543607
0.30319953
0.2574827
-0.28816393
-0.11096645
0.2835903
-0.0055405404
-0.1919337
-0.02020267
-0.18647093
-0.24568927
0.27363762
0.023751644
-0.21402368
0.044284537
-0.33870986
-0.2216364
-0.038686886
0.00058373384
0.10242628
0.24931593
0.034382176
0.15781398
-0.102423586
-0.30634874
0.06210026
-0.06256493
-0.066294715
0.16455154
-0.31787822
0.17300732
-0.11310722
-0.3354296
-0.16070327
-0.2295504
0.15554619
0.1248959
-0.27967557
0.09101915
0.16774909
0.20925644
0.31806174
-0.0039071813
0.2831554
-0.2136317
-0.22121316
-0.14694616
-0.11299414
0.3330365
-0.08214821
-0.2646868
0.33966187
0.14487453
0.0071240393
0.21529844
-0.20632227
0.25556213
-0.19923931
0.34597635
0.035526633
-0.34422046
-0.14085817
-0.14634034
-0.20549324
-0.30175778
0.08337291
-0.014739512
0.014251156
-0.21492128
-0.10318661
-0.102582775
-0.15381142
-0.22484429
-0.037163068
-0.21836606
-0.17995575
-0.3016698
-0.27611598
-0.093685575
0.23175135
-0.16368824
-0.14152111
-0.05847285
0.19895343
-0.17160511
-0.23021616
0.024422834
0.26011685
-0.26047018
-0.026749045
-0.24806821
-0.291698
0.085614786
0.03461609
0.2037033
0.062336072
0.14748746
-0.15731576
0.1511047
0.21492039
0.07065827
-0.20903282
0.28677633
-0.13137278
-0.061001915
-0.32593694
0.09603619
-0.110481426
0.33654174
0.2650196
-0.29086348
0.21039575
-0.30779123
-0.047359485
0.03879145
-0.16272093
0.33644897
-0.16590112
0.032540444
-0.18578537
0.059002172
-0.015557371
-0.06457323
-0.32490325
-0.274279
-0.04411936
0.21889809
-0.24390575
0.27998707
-0.14063635
0.14514203
-0.12659281
-0.25647002
0.17170078
-0.18695857
0.2214145
0.2276736
0.34163612
-0.23138851
-0.11488775
-0.13650028
0.17698267
0.20145994
-0.2940183
0.055746373
0.06383743
0.12430408
-0.073010854
0.17606866
0.03477882
-0.117250845
-0.17258713
0.03864887
0.31725833
-0.13556866
0.26974645
0.060466312
0.27080387
-0.029026575
-0.29029492
0.33894005
-0.20046414
-0.31403676
-0.040727846
0.1372765
-0.082242325
-0.08568614
-0.33388045
-0.22843891
-0.31573224
0.32892314
-0.17295495
-0.08685113
0.0117716985
0.1771751
-0.13329707
0.052117106
-0.029083474
-0.1426168
0.3282769
0.29490945
-0.25849462
-0.24988255
0.25049216
-0.12708451
0.06198503
0.14574827
0.101008415
-0.30716598
-0.30832013
0.0
0.0
0.0
0.0
0.0
0.0
0.0
0.0
0.0
0.0
0.0
0.0
0.0
0.0
0.0
0.0
-0.22867376
0.4005279
-0.18197434
-0.36430278
-0.2081215
0.37348044
-0.2512921
0.01569165
0.3305537
-0.03206818
0.13951264
0.4237178
-0.14013831
-0.18935438
0.124593936
-0.3076259
0.10218034
-0.1072353
-0.012759476
-0.29897174
-0.2677956
-0.17844838
-0.1552779
0.07443046
0.043823767
0.35352263
0.4003688
0.32311648
0.40501124
-0.2707038
-0.3044399
0.31244072
0.4265541
-0.21102487
0.3714844
0.2247618
-0.1346688
0.13927674
-0.39919174
-0.37603554
-0.334135
0.4290613
-0.24595098
-0.113837175
0.24109022
0.3388389
0.14719166
-0.33405226
-0.017079791
0.39302996
-0.37379196
0.27806476
0.33342618
0.220568
-0.18091397
0.09024522
-0.006762623
-0.05031663
0.09549158
-0.20087054
-0.28653443
0.13278346
-0.14661063
-0.15092258
-0.4169608
-0.24831453
-0.20685491
-0.021922491
0.12174569
-0.047722872
0.3712346
-0.17050327
0.3798419
0.1958108
0.36352476
0.3050214
0.32573575
-0.17392391
-0.010075745
0.14136375
-0.3903726
0.22059907
-0.075985745
-0.33997846
-0.37692562
-0.21550189
-0.15558028
-0.030558942
-0.16003795
-0.42221805
0.19309692
-0.30206445
-0.33485082
0.02908764
0.41447616
-0.34396774
0.35845965
0.12068316
-0.1290368
-0.083049305
-0.10799245
0.00014561758
0.15809724
-0.1429533
-0.0025421907
0.026997117
-0.40131187
0.36601654
0.1688416
0.20378987
0.31559005
0.29611984
-0.17148559
-0.13128795
0.28141314
0.2194716
0.15800995
-0.37695497
0.25214106
-0.39408293
0.047773924
-0.2580478
-0.12820557
0.13699698
-0.13459049
0.14014032
-0.05432083
-0.011936925
0.37580276
0.014324672
0.09440494
0.2766394
-0.09837193
0.28683496
-0.17374042
0.030592132
0.11610269
0.18562123
-0.16312267
-0.010282893
-0.36502612
0.16636239
0.017673772
0.14084807
-0.24466634
0.4068592
-0.3026701
0.40202022
0.12075228
0.098357424
-0.12461324
0.40364486
0.3446986
0.42028186
0.41100612
-0.36161456
-0.35862282
0.09911271
-0.2511431
0.07797117
0.19846489
0.044269346
-0.10252737
-0.09830219
0.09212369
-0.28119472
0.10177833
-0.20988923
0.27170366
0.08691222
0.15690245
0.054547384
-0.14944385
-0.3601378
0.14083047
0.36083308
0.12766837
0.13690877
0.05256304
0.19315256
-0.29774594
-0.18705809
-0.10395826
-0.3359889
0.070200995
0.13119969
-0.41600594
0.09316056
-0.404766
0.028419483
0.051406465
-0.1419902
-0.38051426
0.10299509
0.112691075
0.32753173
-0.4274124
0.4248912
-0.24395937
0.41514385
-0.27464607
-0.29468864
-0.2651197
-0.35431972
-0.037211202
0.38064653
0.096702926
0.403655
0.14870879
0.3099019
-0.08017866
0.022519004
-0.1818919
0.22296034
0.3676968
0.39444813
-0.24785191
-0.1547117
0.31129023
-0.34534112
-0.33554137
0.0624941
-0.3433376
0.039162923
0.42025775
-0.069979854
-0.11106492
-0.017579464
0.059496164
-0.4300553
-0.058796518
0.4072227
-0.021764124
0.3776692
0.28538275
0.41211206
-0.14617631
-0.260939
0.28193268
0.2454314
-0.1237258
0.3019503
-0.06330194
-0.20099278
-0.028162988
-0.38121247
-0.21727465
-0.1587116
-0.14381519
-0.37703726
0.30808443
-0.24232815
-0.17797834
0.39152846
-0.25403336
0.3746721
0.0
0.0
0.0
0.0
0.0
0.0
0.0
0.0
0.0
0.0
0.0
0.0
0.0
0.0
0.0
0.0
-0.037269827
0.23487666
0.060667817
-0.1605902
-0.22909442
0.077093326
-0.21691187
-0.025401061
-0.09739294
0.097900175
0.098514214
0.093096614
-0.295381
0.1910211
0.092529655
0.12828624
-0.27306437
0.15072277
-0.10336713
-0.14055026
0.025168495
-0.18021934
0.07923371
0.005478205
-0.10465366
-0.15781103
-0.09071346
0.15346818
-0.279192
-0.07731624
0.2523029
0.16515677
0.22361162
0.034550976
-0.20590253
0.023653021
-0.00011615671
-0.30283117
-0.037566453
-0.02169172
-0.15590203
-0.10976919
-0.2740335
-0.12275594
-0.33342153
0.067057446
0.31113642
-0.2215388
0.19400261
0.32890925
-0.038856484
0.05748535
-0.27848285
0.2716931
-0.10097946
0.16634822
-0.12505361
-0.12591477
0.0311198
-0.32626188
-0.23919773
-0.08259286
-0.213288
-0.31475073
0.05284081
0.08499371
0.124326624
0.3101065
-0.02735794
-0.20777844
0.27826795
-0.20026433
-0.23508981
-0.35152856
0.14590278
-0.2529677
-0.29036245
0.16519937
-0.20602196
-0.2571484
-0.33284092
-0.01701287
-0.29039428
-0.11636446
0.2924024
-0.04173933
-0.29019627
-0.19002223
-0.102038786
-0.1704182
-0.058696862
-0.17129162
-0.17686237
-0.020300662
-0.1458847
-0.35241044
0.20284814
-0.0057674167
0.09371554
0.2977487
0.17444934
0.20644121
-0.11879422
0.34894428
-0.053544663
0.2439744
0.10219625
0.082964465
0.07595924
-0.2619856
0.030265609
0.20401123
0.055097185
0.01911347
0.30314007
-0.26971424
-0.23703775
-0.0418675
-0.034558687
-0.093282185
0.017431261
-0.0066265804
-0.25423416
0.108381756
-0.049262796
0.05171924
-0.12577803
0.19538419
-0.14752656
0.050165918
0.24452025
-0.120367855
0.33725908
-0.3352613
0.21913178
0.1723557
-0.08124037
0.24037358
-0.30642015
0.25518408
-0.1423157
0.035574846
0.3485745
0.15131861
0.30032688
-0.19354524
-0.2750331
-0.33662277
-0.15930872
-0.0052490947
-0.0680919
0.3052881
-0.28474024
0.10179855
-0.15605974
-0.09669979
0.01335642
-0.046444055
-0.10843912
0.34333226
-0.119699575
0.03766352
0.32136735
0.33857533
-0.30042076
-0.33917755
0.050580263
-0.021373468
0.076909654
0.1994415
-0.13574816
0.23003821
0.122234754
-0.33624655
0.31238842
0.33058003
-0.22939177
0.29473275
0.22504912
-0.2680524
-0.15476854
-0.3125912
0.054836378
0.15761434
0.046832483
0.28266802
-0.22876124
-0.19476737
0.037764125
-0.019320032
-0.28405735
0.04106043
0.3448123
-0.1443761
0.16530997
-0.19077468
-0.23956433
-0.2202644
0.08757643
-0.15204602
-0.30285123
0.18895014
0.16632056
0.17806517
-0.17631418
-0.32733384
-0.12016593
0.28969637
0.22884078
0.08459336
0.2638757
-0.037154637
-0.29166886
-0.34730217
-0.01641704
-0.058820687
-0.018381547
-0.28074467
-0.34919626
0.34812954
0.20088533
-0.023246516
-0.13998422
-0.31279543
0.007266243
-0.3189604
0.2575069
0.13965754
0.017791491
0.21760468
-0.042277712
-0.25202024
-0.08289944
-0.050587893
-0.2355197
-0.16453451
0.030637555
0.17169812
0.17186381
-0.005380003
-0.17947699
0.084016114
-0.16239281
0.2842968
0.05605265
-0.08013174
0.006058146
-0.103355534
-0.18338199
-0.111578256
-0.010369305
0.26473185
0.003368924
-0.06212205
0.24638276
-0.066352665
0.16242169
0.15792803
-0.24398132
0.30598933
0.2522734
-0.1879604
-0.2441051
0.33701396
-0.14482066
-0.08558001
0.28065085
0.02901389
0.2969485
0.35319793
0.10487754
-0.019712755
0.015244599
-0.09470628
-0.12073976
-0.19484939
0.16951175
0.011284945
0.32825387
-0.009159227
0.3242117
0.07427396
0.11294221
0.2692387
0.30356494
0.31537122
0.22903343
-0.06794359
-0.13308567
0.15848942
0.20338146
-0.23432846
-0.24219505
-0.32190663
0.32383645
0.25812188
-0.2944887
-0.25249168
0.030615807
0.049323615
0.25027207
-0.06964914
-0.34449595
-0.040951647
-0.07677845
-0.20135066
0.22959478
0.080782734
-0.31265867
0.32437542
-0.098324336
-0.16843423
0.13741875
-0.2120579
-0.33449045
-0.26915085
0.18146983
0.03765589
0.3234197
-0.21251625
0.31711608
-0.25342795
0.2880408
-0.28143257
0.09551163
-0.21974911
0.051031742
0.11681947
-0.12790287
0.20203209
-0.25041378
-0.14069363
0.22023873
0.032726943
0.16930127
-0.2237905
0.029716183
-0.3373857
0.21287526
0.19845054
-0.049274724
0.17917578
-0.34627622
-0.09397559
-0.14978471
-0.20043233
-0.09031134
0.09758525
-0.25453424
0.11995018
-0.33916855
-0.035689194
-0.30840656
-0.2092033
0.018586801
0.11396251
-0.16635057
-0.10880689
0.062920354
0.18509993
0.34513986
0.22379445
-0.17752893
0.16284555
0.009598902
0.23837945
-0.31661126
-0.16377212
0.26727647
-0.21418282
-0.2027673
-0.07346769
0.24121134
0.17398901
0.23065056
-0.16396764
-0.1392252
0.1595992
0.18114972
0.29610884
0.15617843
0.14553411
0.17511468
-0.17757921
0.17114587
0.28346398
-0.3141888
0.26573983
0.06565505
0.3347789
-0.21871807
0.042758398
0.012320071
0.08521085
0.2502611
0.3161339
-0.11554512
-0.048442785
0.005361248
0.09019223
0.300939
0.2730405
0.27276155
0.141006
-0.00038981618
-0.33289474
0.17105973
0.23406015
-0.19805622
-0.023745155
0.2889183
0.30994475
-0.09846865
-0.26536363
-0.1365472
0.32479462
-0.24319722
0.28591418
-0.32281607
0.081332415
0.14616531
-0.21074617
-0.051756036
0.110898554
0.2480801
0.27972656
0.20544258
-0.1231246
-0.12449382
0.30997267
0.1774368
0.20168974
-0.13706315
-0.12090632
0.0067055635
0.06498593
0.23494625
0.33695903
0.23259741
-0.019511715
0.076497495
-0.35178298
-0.18640544
0.31409246
-0.28125328
-0.3506208
-0.18682475
-0.30545613
-0.16239025
0.14038567
0.091402985
-0.3029378
0.056600984
0.23944156
0.34766972
-0.053485952
0.16878898
-0.0426245
0.14918076
0.19873625
-0.23812573
0.055144683
0.3531924
0.20490448
-0.25046223
-0.20146273
0.12966684
0.23473957
0.07391908
-0.051956736
-0.14831568
0.34157875
-0.30683523
-0.02608245
-0.31315824
-0.2804201
0.017395774
0.036104634
0.04388414
0.18050256
-0.16374834
0.07116474
-0.2658331
0.25266168
-0.14267509
-0.10843617
-0.14183488
-0.054712214
0.23183279
0.174474
-0.30121037
0.25381482
0.013642303
0.15075801
0.23341009
0.28787923
0.08447682
0.059112977
-0.29850096
-0.13867311
-0.1815295
-0.13224272
-0.08518506
0.14189816
0.26726922
-0.1209934
-0.12560983
0.102058806
0.035396315
0.3415938
0.253295
0.34785652
0.0
0.0
0.0
0.0
0.0
0.0
0.0
0.0
0.0
0.0
0.0
0.0
0.0
0.0
0.0
0.0
0.0
0.0
0.0
0.0
0.0
0.0
0.0
0.0
0.0
0.0
0.0
0.0
0.0
0.0
0.0
0.0
-0.108431235
0.12328395
-0.15380283
-0.26531532
0.16409922
0.18366009
-0.2385853
-0.119904175
0.21406232
-0.1427554
0.074790455
-0.012271163
-0.090130635
-0.23598933
-0.2318582
-0.26267195
-0.2740578
-0.27416435
0.060361728
-0.21982983
-0.16010723
-0.008772833
-0.30296102
0.21690072
0.012039058
-0.14137869
0.15166439
0.05813828
-0.29042274
-0.09116965
0.21434428
0.24499455
0.043662246
0.043887526
-0.04741407
-0.2559224
-0.20606887
0.07491291
-0.056612022
-0.0072457725
-0.25850195
0.18035515
-0.20273483
0.023496592
-0.24182867
0.065524906
0.1640972
0.17915165
-0.09320063
0.059157953
-0.13007964
-0.103993826
-0.29206342
-0.20982388
-0.1704285
-0.12233228
0.108988084
-0.03646495
0.16515689
-0.2903315
-0.06697568
0.2120686
0.13092886
0.010760198
-0.25551608
-0.23055173
-0.149333
0.08730778
-0.24622378
-0.03924685
-0.079075366
-0.17242146
-0.18873878
0.24504103
0.15633215
-0.074618325
-0.27972597
-0.06549728
0.15105268
-0.1278989
-0.14890204
-0.15813625
0.10421487
0.033965446
0.29923618
-0.13734595
-0.20874365
-0.27162275
0.16376169
-0.14124875
-0.26556775
-0.0771122
-0.24050455
0.30473158
0.10291802
-0.0011102643
0.1685756
0.03970781
0.062428955
0.0352992
0.081640095
-0.23006286
0.1479487
-0.007859049
-0.1818299
-0.25499102
-0.11893936
0.19616735
-0.26688302
-0.24918766
0.18786065
0.1143338
0.2113432
-0.02067246
0.24486388
-0.11990505
-0.28825203
0.28913394
-0.08414244
-0.2550987
0.055526067
0.20936827
0.11340987
0.22414847
0.2157875
-0.080322035
-0.074398555
0.12411393
-0.17510769
-0.20227529
-0.24305344
0.1667111
0.048536126
0.021192223
-0.17382643
0.11387598
0.10939473
0.123175584
0.29989722
0.20290661
-0.12881202
-0.29384616
0.22295173
-0.10916325
-0.0010373004
-0.28494015
0.035534922
-0.050727926
-0.08702782
0.16529226
0.20016357
0.07539059
0.108241946
0.0082746055
-0.09509642
0.08800902
-0.22535352
0.015288309
0.22396465
-0.02854746
-0.12215518
0.033497404
0.30519223
-0.045362975
0.04637385
-0.24252623
-0.10888322
-0.0097963
-0.023494659
0.16218434
-0.2674073
0.10276943
-0.23104256
-0.016212642
0.038079318
-0.20802423
0.013545058
-0.2446793
-0.22394367
-0.10006998
-0.2062613
0.27204978
0.13624474
0.13870263
-0.15166508
-0.20138702
-0.041118253
-0.096745685
-0.0721881
0.19370496
0.29180533
-0.0878271
-0.13575156
0.29363966
-0.24139333
0.1114398
-0.0371467
-0.020079331
0.05519187
-0.2308586
0.06747968
0.30123457
0.097346656
0.14329258
0.052320834
0.057627495
0.23910795
-0.03139952
-0.2627861
-0.24937251
0.004470075
0.1486494
-0.25215387
-0.15093368
0.2841333
-0.1237828
0.28576347
0.03578294
-0.12535593
0.2874508
0.14929812
0.25601164
0.106319696
-0.051984157
-0.1936143
-0.017194716
0.067208044
-0.2670991
-0.1870529
-0.05159408
-0.24652407
0.052262764
-0.19979748
-0.181231
0.06859878
0.036587626
-0.14051816
-0.018638374
0.12782422
-0.020303844
0.24916716
0.14254838
-0.18792063
0.1819098
-0.12937033
-0.26825398
0.24778989
-0.28844437
0.25826547
0.1632436
-0.04155768
-0.121542886
-0.02594211
-0.039354853
-0.16374137
-0.110897265
-0.093863
-0.056974288
-0.09575988
-0.1618688
-0.16806102
0.14869231
-0.17605703
0.20076801
-0.032003924
0.2319793
0.2970877
-0.026375586
-0.19428064
0.25390434
0.042177234
-0.20343973
0.2392968
-0.21924841
0.22688287
0.062354498
-0.122325525
0.20001443
-0.07849666
0.298813
0.051398765
-0.11193179
-0.29826403
-0.14565651
0.29032508
0.01953796
0.13874958
0.2045763
-0.18531652
-0.21273291
-0.088922404
-0.020665672
0.012014931
-0.2239832
-0.24109487
-0.020112766
-0.29996535
0.18151903
0.16661681
0.26901814
0.16919093
-0.25905126
0.27254957
-0.06684717
-0.020705383
0.029512709
0.26317114
0.041352477
0.05523801
0.28795016
-0.21217091
-0.25885245
-0.015670247
-0.18940057
0.1541522
-0.010736838
-0.098838605
0.27265736
0.1424008
-0.27468717
-0.13428257
-0.276429
0.06393277
0.03683528
0.28807276
0.17881364
0.18390523
-0.055415034
-0.14372088
-0.008609933
0.27532163
-0.15340818
-0.05343763
0.13324845
0.2803597
-0.15528317
0.13837962
-0.21905074
0.04388563
0.29637498
-0.28902832
-0.1584209
0.0019483829
-0.22945508
0.13009833
-0.14071976
0.25438172
0.24737419
0.09959537
0.29349086
0.05881087
-0.19842827
0.18224195
0.17014614
0.24973835
0.016100548
0.15928939
0.13406456
-0.0971197
0.1930998
-0.02272819
-0.2476436
0.09764173
0.20321299
-0.040924545
-0.11787804
-0.12947823
0.031114522
0.036965474
0.14201854
0.18815827
0.101566635
0.06861089
0.116429135
0.28013793
-0.18945053
-0.1493783
-0.11080466
0.15327422
0.20950475
-0.08305543
-0.3050647
0.107955925
-0.17560205
-0.09830439
0.2527089
0.0935434
0.26168755
-0.016273012
0.19617198
-0.10863483
0.13056542
0.020820579
-0.24223539
-0.21964835
0.21674716
-0.17524862
-0.095507815
-0.028367624
0.0007457
-0.17274609
0.15179458
-0.056318525
-0.07790721
0.27891466
-0.15033172
-0.11521758
-0.28586417
-0.19059248
0.24212173
-0.23945682
0.26274344
0.10742281
0.08500863
0.10700342
0.05180034
-0.25563323
0.2301806
-0.22699712
-0.22057681
-0.097665526
-0.01580727
0.12110576
-0.18457103
0.2598113
0.057896428
-0.07837982
0.0943813
0.17991553
-0.22792712
-0.2763371
-0.051311456
-0.063987225
0.015881693
-0.12706296
-0.021244345
0.2754228
-0.16097793
-0.073171675
-0.30003244
0.18031327
-0.20799762
0.16052683
0.026536625
0.0037383183
0.24566218
-0.114158124
0.08711564
0.097807184
0.014608675
-0.15539417
-0.1486258
0.011443921
-0.28990573
-0.20424949
0.13415317
0.24124171
-0.09438751
0.11597149
-0.013049128
0.07748856
-0.24168983
0.13647951
-0.26513606
-0.24864064
0.14689103
-0.09696286
-0.057050172
0.0045722392
0.15695816
-0.12156205
0.22325374
0.28791413
0.21338016
-0.23629615
-0.013257144
0.19780183
-0.052696716
0.1618449
0.16398786
0.09691132
-0.115765594
0.1025075
0.28037533
0.13124418
0.1707653
-0.19719496
0.035796884
-0.10660505
0.024407018
0.01610723
0.2972847
0.08879414
-0.11037111
-0.29732597
-0.1543254
0.2679646
-0.15898801
-0.05723603
0.2817853
0.15376088
0.061238866
0.24789059
-0.14700213
-0.24054796
0.09436437
-0.16667548
-0.14901279
0.06305019
0.1304614
-0.1162037
-0.24882329
-0.015612906
-0.023048114
-0.19808674
-0.11318532
-0.2086144
0.20729375
-0.010516195
-0.23702593
0.010694681
-0.07244075
-0.026516294
-0.07436063
0.29168794
0.07313824
0.07596759
-0.2839921
0.26318496
0.081823945
-0.22930329
-0.045934897
0.08009584
0.27849966
0.016195815
-0.026003247
-0.027915057
-0.018460728
-0.23454961
-0.15788713
-0.2791494
-0.2003891
-0.29618636
0.16161855
0.18475299
0.12498307
-0.3051796
-0.29245514
0.11452002
-0.12685466
0.122083455
-0.037635654
-0.16866237
-0.15931696
-0.073678076
0.17805256
0.011852505
0.1472307
0.17634384
0.10774174
-0.20332442
0.14926782
0.22521493
0.2607765
-0.06727564
0.30216345
0.07852567
-0.031417366
-0.26406133
0.044734478
-0.22040379
0.059715893
-0.13520518
0.05078921
0.05073497
-0.19686387
0.19756508
0.067146614
-0.2617598
-0.14186235
0.025947
-0.24476252
-0.020112691
0.048767027
0.05332335
-0.052696384
0.16785732
0.23283009
0.19956939
0.044189822
0.30407184
0.2859597
0.16875844
0.18285093
-0.16787148
0.25190112
0.061863348
-0.018921142
0.081297316
-0.25435168
0.0097203795
-0.16305907
0.2584856
-0.12120727
0.08126231
-0.11544987
-0.22283986
0.23906147
-0.26123115
0.08315131
-0.0059131123
-0.07478213
-0.09634057
0.1498889
-0.119418465
0.24556276
-0.10915956
0.025024312
-0.22082676
-0.036629926
0.024108192
0.13049665
0.043030135
-0.2300856
-0.15896338
-0.19235317
0.2679489
-0.2229417
-0.27350855
0.28785172
0.13601542
0.11003728
-0.19556046
0.27200747
0.28181174
0.051119942
0.014127492
0.14455575
-0.27749312
-0.020428857
-0.10460532
-0.22470498
0.0920062
-0.29108244
0.10118418
-0.06218864
0.21387497
0.009580511
0.28735462
0.09655125
0.013237616
-0.20006056
0.22640918
-0.014510963
0.13221899
-0.1325311
-0.040499575
0.20278884
0.06253331
-0.08536972
-0.098787285
0.082204826
-0.25262168
0.009408485
0.07368136
0.27699757
0.1590893
0.01997921
0.18352385
0.043189242
-0.19684947
0.13951163
0.04468637
-0.18908633
-0.2585408
-0.22627822
-0.28162226
-0.20768821
0.25873163
0.16048492
-0.26890028
0.030658634
0.025915502
-0.15131372
0.2181429
-0.10341022
-0.06718735
-0.1610917
-0.011758845
-0.22377123
-0.24162018
-0.30389383
-0.033763893
0.15718421
0.0571089
0.16228825
0.17078532
-0.06893732
-0.055854388
-0.06588122
-0.25487438
-0.21922691
-0.10111498
-0.05207205
0.16225281
-0.19399004
0.25157216
-0.052358393
-0.23700078
0.03655547
-0.2928951
0.2735106
-0.012369531
0.27062652
0.16081996
-0.26821482
0.30035403
0.15118945
-0.3049678
0.19915485
-0.21355136
0.04701892
0.24129672
-0.19129986
-0.24292685
-0.08591617
-0.059164483
0.021512149
0.30315486
-0.2561375
0.27579048
0.19390093
0.09308317
0.21111956
-0.06457393
-0.10590181
0.26100352
0.12837796
0.0007219383
0.22621931
0.039541844
0.10172421
-0.00097054144
0.15954286
0.16003944
0.05768305
-0.28689113
0.19602787
0.04435462
-0.050450854
0.1785927
-0.22480492
-0.18089652
-0.23625775
-0.08130761
-0.13888821
-0.27944407
0.2806642
0.167118
0.091708794
-0.028230382
0.23143746
0.15041746
-0.009154845
0.18333167
0.009136705
-0.06442527
-0.25697383
-0.051630653
-0.24832283
0.20536835
-0.23204252
0.28570405
-0.08275021
-0.08970343
0.045888726
0.032027613
-0.27239636
-0.08809695
0.14590381
0.040401243
-0.085665524
0.2521473
0.08521445
-0.26503578
0.07137031
0.12983274
-0.23886627
-0.059905548
0.13172714
0.12520787
0.03887681
-0.03380317
-0.08789514
0.24517961
-0.05886478
-0.17783889
0.03832584
-0.011273355
0.12596552
0.013574805
-0.03340473
-0.2655813
-0.24835043
0.14448504
0.2512019
-0.046733927
0.19946846
-0.119243994
-0.16988224
-0.019535806
-0.059377134
0.29805973
-0.085548356
-0.03548762
0.16631445
-0.19098449
-0.19805367
-0.03668829
0.15368088
-0.004748572
-0.09627381
0.06458437
0.1976275
0.24756812
-0.2600482
0.14884813
0.1699095
-0.2439451
0.024418626
-0.18407029
0.29057968
0.18985039
0.28254923
-0.10061106
0.22086713
0.24864064
0.08496483
-0.1089383
-0.21184771
-0.30532566
-0.18801537
0.1618873
-0.18301576
0.2222779
0.20672125
-0.08710097
0.16197987
-0.2795769
0.09208128
0.071250446
0.23714758
0.16553944
0.13939305
0.19508103
-0.23855734
0.14099336
-0.07147343
-0.20354627
0.16295208
0.0636296
0.24902846
0.28585196
-0.095651075
0.21152927
-0.15573654
-0.2953896
0.11361821
-0.23934396
0.18573163
0.07528241
-0.0763496
-0.18066682
0.068179935
-0.18789384
0.1596371
-0.028807927
-0.09828325
-0.21602078
0.10031475
0.0021701949
-0.22213161
0.08783813
0.08038204
0.17603794
0.23832797
-0.27398825
-0.1172782
0.29561216
0.19463265
0.30343682
0.064426176
0.099935986
0.27880096
-0.20551962
-0.15099621
0.036026176
-0.26352587
-0.113696575
-0.052255902
0.09524388
-0.30234855
0.24935655
0.19464204
-0.058847334
0.059146855
0.1210144
-0.2985295
-0.084860325
0.2126068
0.22765347
0.29788265
0.19280279
0.09802173
0.28781098
0.16909161
0.300506
0.22398932
0.14508113
-0.055536434
-0.2898537
-0.013863084
0.19590645
-0.20739478
-0.07395719
-0.26845846
0.11975762
0.11222047
0.0893707
0.101849295
-0.21339123
-0.0026532027
-0.22550167
0.037299015
0.14931059
-0.29691696
0.12524322
-0.016564175
-0.18459074
-0.08660814
0.036558058
-0.1252361
0.21482907
-0.29048222
-0.027468879
-0.1618066
-0.22643907
0.21154372
0.1527817
-0.021767467
0.23851715
0.10825936
0.12897773
-0.2535394
-0.16323335
0.030540885
0.08074138
-0.29227516
-0.027623018
0.19493634
0.08044088
-0.18420224
0.18678331
0.28070918
0.05303821
0.29211834
0.21126851
-0.038648427
-0.20900704
-0.039582323
-0.07400282
0.19520935
0.17528796
-0.12042051
-0.0050190752
0.25654888
0.09314274
-0.29882598
-0.034674976
-0.14846127
-0.12666635
0.22805104
-0.19246256
0.054500595
-0.24226241
-0.076123334
0.22980432
0.17390208
-0.18021947
-0.108872086
-0.090222396
0.22270688
-0.14851215
0.021476014
-0.21941055
0.09346544
-0.26591292
0.1940785
-0.044190697
-0.010320516
-0.1342814
0.18305178
-0.18960208
0.070452295
0.2601109
0.114906706
0.2815369
0.24444523
0.115042046
0.29252958
0.17091694
-0.110154524
-0.12951575
0.08820229
0.19370015
0.02652823
-0.28140324
-0.039492205
0.05384574
-0.2584997
0.042206217
0.16647242
0.18945579
0.16999374
0.0
0.0
0.0
0.0
0.0
0.0
0.0
0.0
0.0
0.0
0.0
0.0
0.0
0.0
0.0
0.0
0.0
0.0
0.0
0.0
0.0
0.0
0.0
0.0
0.0
0.0
0.0
0.0
0.0
0.0
0.0
0.0
-0.09868196
0.26773036
0.12420006
0.30187875
-0.026498144
-0.19648254
-0.1189234
-0.115967765
-0.14919007
0.20543799
-0.07895179
-1.2349026e-5
-0.09448173
0.33460534
0.1913533
-0.0033186849
0.020404974
-0.14173163
0.3470768
-0.043014694
-0.1090478
0.2687663
-0.35312554
0.22316806
0.09611597
0.31425592
0.30468062
0.05266771
0.17636698
0.19582997
0.12439596
-0.13908793
0.31923312
0.22347085
-0.22894816
0.21390305
0.28197673
0.33356068
0.011028102
-0.18365307
0.17593338
0.27028546
0.23016723
-0.32452077
-0.35351196
0.19855696
-0.23465228
-0.055264294
0.104234
-0.3148231
-0.2187692
0.25914
0.22856846
-0.18589774
0.34575155
0.059345756
0.16125396
-0.10941136
0.0153648015
0.27692792
-0.250285
0.13275613
-0.14107043
0.13728838
-0.32873204
0.108506426
0.26196897
-0.08410526
0.3400404
-0.06398755
-0.112460226
0.087730646
0.04408139
-0.29251492
0.06452965
-0.012097073
-0.1599442
0.00456227
-0.30530605
0.066561885
-0.09692962
-0.014750596
-0.07088307
0.29501802
-0.051750764
0.1033015
-0.05034854
-0.32331112
0.026842864
0.14444268
-0.01127837
-0.17491397
-0.1556537
0.12842655
-0.31713834
-0.21436666
0.26272786
0.29174253
-0.00047145464
-0.053871427
-0.11639649
0.15445054
0.0718256
0.115902655
-0.31029117
-0.17351423
0.18909752
0.16196696
-0.038096998
-0.32352298
0.20469223
0.26942116
-0.31400427
0.09230484
-0.31008136
-0.33000195
-0.14230798
-0.2375833
0.25927153
-0.006323123
-0.121516526
-0.2936404
-0.21235748
0.1870161
0.02188374
0.04589838
0.07638299
0.09922527
0.24460821
0.33119777
0.22999674
0.34135664
-0.30937642
-0.06137681
-0.056639083
-0.25672022
0.24775758
-0.24500823
0.23466761
-0.2640322
0.15918827
0.33516058
0.0732712
0.24145912
-0.19287148
-0.3058584
0.028712582
-0.30960214
0.23278834
0.14982757
-0.092084415
-0.2867278
-0.028470196
-0.2210649
0.15814441
0.014324997
-0.2233195
0.04090676
-0.23082088
-0.33193687
-0.062024776
-0.11510536
0.23376805
0.091310136
-0.10141164
0.14233041
-0.037646957
-0.3050097
0.011321192
-0.3411005
0.12564367
0.051865783
0.107749976
-0.23000352
-0.27084205
-0.092688926
0.3321167
-0.16630737
0.09233683
-0.05266042
-0.09037805
0.006690981
0.34206724
0.090777226
-0.1325419
-0.00578731
-0.3113709
-0.18134217
-0.31932458
-0.027521344
-0.30473056
-0.24813119
-0.078281745
-0.19729677
0.03974355
-0.23666748
-0.29450443
0.03153882
-0.002389389
-0.20135167
0.3286541
0.31059656
0.10793041
0.17360657
-0.3344814
0.025955714
-0.32957968
-0.22434565
0.2263225
0.35179666
0.11368176
0.020919334
0.16863994
0.23360766
-0.2164996
-0.3499428
0.08962915
-0.32415372
0.13261893
0.18971907
-0.08376639
0.124039985
-0.15749429
0.28832468
-0.26578522
-0.29460642
0.048624396
0.16789694
-0.17983723
-0.112951316
0.2902103
-0.27756926
0.0072500166
0.035320997
0.34431666
-0.049859636
-0.14930049
-0.16851929
-0.015045329
0.13672028
-0.15368633
0.2545141
-0.16290767
0.17280212
-0.17772786
-0.12550396
0.21732499
0.26293698
-0.06432983
0.1751301
0.20282555
-0.017640058
0.24498408
0.34332564
0.28098586
-0.0830617
0.23972853
-0.052675005
-0.081571855
-0.19883168
-0.015205276
-0.20911938
-0.3210026
-0.31885764
-0.23301117
-0.12934951
0.109334104
0.07097605
-0.22189456
0.18102147
0.26084894
-0.06535969
-0.22365667
-0.2265329
-0.2083805
-0.22372702
0.10058619
0.19745174
0.34530887
-0.03488857
0.18003722
0.35315576
-0.056134753
-0.02344962
0.26979584
-0.21560228
-0.16939624
-0.2780613
-0.2514716
0.3516077
0.33756945
-0.0026266337
-0.15423584
0.21574298
-0.16480264
-0.31179988
-0.007826627
0.14686225
0.17495434
0.16815205
0.2618147
-0.059935726
0.33727387
0.18170054
0.15952101
-0.0033271143
0.06680574
-0.113651164
0.28444722
-0.34755144
0.21104503
-0.33363163
0.15018684
0.117988795
-0.028878262
0.20546669
-0.1074147
-0.12097734
0.10798769
0.110326625
0.015702946
0.25582626
0.15908872
0.31577957
-0.006516746
-0.14496003
0.1296593
0.0438492
0.02877715
0.31064475
-0.15300398
0.31266862
0.21798763
0.18490016
-0.15475045
0.036030456
-0.21029764
-0.22036576
0.11766675
-0.34285125
0.16769552
0.2982638
-0.25886345
0.20987478
-0.08800321
0.23672767
0.23312302
0.17439598
-0.26914045
-0.14618272
0.31578788
0.19719566
0.22511159
0.020451674
-0.17294686
-0.18216555
0.13049516
-0.016211785
0.1101703
0.20488527
-0.28989676
0.06927092
-0.3488199
-0.0040010423
-0.30408394
0.25547156
0.19027153
-0.08893668
-0.23690426
-0.27543652
-0.18037991
-0.15389475
0.23915103
0.060664613
-0.30880895
-0.164882
-0.13137951
0.071417704
-0.14984474
0.02602551
0.12182171
-0.3091693
0.19536564
0.036235288
-0.15864845
0.274365
0.049098674
-0.21015038
-0.23292139
0.22167408
-0.12804739
-0.27156568
0.09569644
-0.024867062
0.28503636
-0.009461166
0.17910264
-0.13277563
-0.030458895
-0.210873
-0.15805334
0.34912995
-0.24852352
-0.06628199
0.09821446
0.014027693
0.18093473
0.2652932
-0.026898624
-0.12651935
0.29534858
-0.019986626
0.12151273
-0.3422123
-0.21329719
0.058031235
0.3280666
0.021952353
-0.3251348
-0.032339487
-0.34313023
-0.15239018
-0.22804374
0.20050183
-0.20218588
-0.1642233
0.13254358
0.1926653
-0.32944062
-0.24271564
-0.16433705
-0.34226128
-0.20031992
0.03822799
0.24676579
0.22760461
-0.20380811
-0.1533827
-0.14911838
-0.12063309
-0.28330112
0.2795077
-0.15102004
-0.18166278
0.30686188
-0.13847874
-0.1554281
-0.13116883
0.25684154
0.029577099
0.26450068
-0.21278746
-0.1322523
0.0024413562
-0.24792138
-0.23592524
0.2938746
0.04498565
0.33991584
-0.12415648
0.16480614
0.0950143
0.136051
-0.33577383
-0.25131452
-0.11715349
0.29688877
0.13115622
0.18761551
-0.12561017
0.34331527
-0.20812586
0.08427621
0.18405798
-0.16086689
0.10568242
0.12909773
0.14329456
-0.0766727
-0.13998578
0.2919416
-0.3293802
0.2197377
0.21879941
0.02928325
-0.25890732
0.2755682
-0.042228233
-0.24520113
-0.06277832
-0.34774503
0.004930296
-0.33332315
0.3491254
0.15664516
0.08103301
-0.12353781
0.3183209
0.3012865
0.20584963
-0.015673107
0.16328229
0.29519403
-0.21491246
0.25227055
-0.25035384
0.06176448
-0.020432917
-0.10776502
0.07056929
0.31558034
0.16750821
0.0
0.0
0.0
0.0
0.0
0.0
0.0
0.0
0.0
0.0
0.0
0.0
0.0
0.0
0.0
0.0
0.17893417
-0.21077445
0.32457364
-0.27859282
0.3848376
0.04961853
0.063802645
0.046550654
0.17212865
-0.27603182
-0.21867079
0.23122229
-0.39022347
-0.01185356
0.23041853
-0.07263824
0.07051122
0.20235068
-0.34536463
0.120250545
-0.2555912
-0.25819102
-0.14334282
-0.41049582
-0.377584
0.19803056
-0.23591189
-0.33407426
-0.0933131
-0.2217943
0.3720921
0.3362274
-0.05191548
0.13057902
0.29009604
-0.21075788
0.17084375
-0.08013417
0.13723984
0.16267094
0.091209464
0.3075842
0.31474948
0.21648441
0.39638618
0.0124019105
0.27072275
-0.17963609
0.043707162
-0.318961
-0.35398948
0.060014937
-0.24178316
-0.2381405
0.12068946
0.101900406
0.28546026
-0.22195666
0.08057417
0.039936487
-0.2256416
0.276189
0.25029555
-0.13123783
0.15575022
-0.004421747
-0.084885344
-0.20161226
-0.28005672
0.33659697
0.05292283
-0.22856055
-0.41034076
0.27135432
-0.12073917
-0.116236076
0.2601651
-0.31746
-0.17726362
-0.07554352
-0.07928193
0.20061333
-0.27359176
-0.36951604
0.102047265
-0.20560934
-0.072285116
0.25436398
-0.2732265
0.23815759
0.21605958
0.42473948
0.15793277
-0.22439839
-0.29409337
0.27904087
0.19711289
0.23380207
-0.19087203
0.20619614
-0.18938974
0.29184335
0.13466033
0.18936732
0.07215472
-0.3862217
0.09100732
-0.10821462
0.1616633
-0.037284553
-0.2931318
-0.3606907
0.28312105
-0.22941267
-0.33581743
-0.2707834
-0.045258988
0.3505931
0.24881786
-0.27753755
0.1853431
-0.21786182
0.423493
-0.14615406
0.41723463
-0.01147163
-0.40305048
-0.05000578
-0.340586
0.35851035
0.03442547
-0.11372733
-0.029446393
-0.015986085
-0.060673803
-0.31659213
0.2485113
-0.04217619
-0.36204794
0.10466404
0.17244704
0.37013397
-0.017136985
0.072872646
0.24745119
-0.29986987
0.1957855
-0.40934548
-0.25426584
0.41886735
-0.13709655
-0.109484345
-0.2727327
-0.06865345
-0.13393281
-0.024149548
0.42765912
-0.14517288
-0.20581985
-0.07608299
0.17261764
0.1592742
0.1787359
-0.059955884
-0.33635193
0.2902978
0.09884641
-0.2700898
-0.42597622
-0.24939212
-0.0838445
0.28382793
0.35997233
0.29057497
-0.36924824
-0.028450765
0.41987464
0.41669574
-0.20774256
0.15220806
-0.089388445
-0.06057707
-0.21779332
0.062269714
0.32490808
-0.15339018
0.00017808602
0.014946424
-0.28289264
-0.09245173
-0.36358443
0.015369856
0.3898753
0.32591972
0.18569225
-0.3530478
0.023169352
-0.10638595
-0.3776175
0.17643301
0.2841404
-0.16770567
0.39201626
0.11093665
0.02294393
-0.03683036
0.24131823
0.21517158
0.13505816
0.13747849
0.21992926
0.22676745
0.010979493
0.1374029
0.035256077
-0.37914225
0.11779941
0.3789321
0.07814177
0.14301856
0.28751543
0.41046137
-0.18592645
0.38416004
0.005800081
-0.40615603
0.25377303
-0.38395435
0.102369
-0.045898188
0.06484752
0.119774304
-0.0036672298
0.21611524
0.36918852
0.16504651
0.35933298
-0.009340844
-0.18307914
0.32249013
0.18987805
-0.20195986
0.42257586
-0.22639373
-0.028751187
-0.31676862
-0.038684774
0.24386604
0.0035920725
-0.33149433
-0.36062843
0.18287246
-0.08482867
0.17232707
0.05611217
0.23397075
0.0
0.0
0.0
0.0
0.0
0.0
0.0
0.0
0.0
0.0
0.0
0.0
0.0
0.0
0.0
0.0
